08 00 00 03
08 00 00 34
08 00 00 30
00 00 00 00
00 00 00 00
00 00 00 00
3c 01 40 00
34 35 00 14
8e b4 00 00
00 00 80 20
20 11 00 80
00 11 40 20
11 00 00 11
20 09 00 00
21 29 00 01
01 28 50 2a
11 40 00 0a
00 09 50 80
01 50 50 20
8d 44 00 00
8d 45 00 04
00 85 58 2b
11 60 ff f7
0c 00 00 2c
ad 44 00 00
ad 45 00 04
08 00 00 0e
20 01 00 01
01 01 40 22
08 00 00 0c
3c 01 40 00
34 35 00 14
8e b7 00 00
02 f4 a8 22
3c 01 40 00
34 28 00 00
3c 01 ff ff
34 29 00 00
24 0a ff ff
20 0b 00 03
ad 09 00 00
ad 0a 00 04
ad 0b 00 08
08 00 00 2b
00 85 20 26
00 85 28 26
00 85 20 26
03 e0 00 08
00 00 00 00
00 00 00 00
00 00 00 00
08 00 00 30
3c 01 40 00
34 30 00 00
ae 00 00 08
20 11 02 04
3c 01 40 00
34 33 00 10
20 12 00 0f
02 b2 40 24
00 08 40 80
01 11 40 20
8d 08 00 00
00 15 a9 02
02 b2 48 24
00 09 48 80
01 31 48 20
8d 29 00 00
00 15 a9 02
02 b2 50 24
00 0a 50 80
01 51 50 20
8d 4a 00 00
00 15 a9 02
02 b2 58 24
00 0b 58 80
01 71 58 20
8d 6b 00 00
01 00 68 20
ae 6d 00 00
01 20 68 20
ae 6d 00 00
01 40 68 20
ae 6d 00 00
01 60 68 20
ae 6d 00 00
08 00 00 4e
03 40 00 08




在时钟约束为8ns情况下通过vivado的综合实现，建立时间裕量为0.048ns，相对应最高主频为125.7MHz，EX阶段分支，ID阶段跳转,冒泡排序CPI为1.27，资源情况：2393LUT，3059FF。功能：最后显示运行时钟周期数。